    0.412607    0.209169    0.189112    0.189112
    0.414286    0.190476    0.161905    0.233333
    0.302326    0.181395    0.269767    0.246512
    0.254237    0.299435    0.169492    0.276836
    0.323420    0.193309    0.241636    0.241636
    0.457627    0.161017    0.093220    0.288136
    0.346457    0.188976    0.181102    0.283465
    0.216216    0.175676    0.229730    0.378378
    0.389344    0.176230    0.204918    0.229508
    0.375000    0.230263    0.171053    0.223684
    0.373057    0.186528    0.212435    0.227979
    0.209459    0.195946    0.236486    0.358108
    0.466667    0.180000    0.093333    0.260000
    0.338710    0.172043    0.145161    0.344086
    0.341317    0.191617    0.263473    0.203593
    0.151079    0.309353    0.208633    0.330935
    0.253906    0.324219    0.191406    0.230469
    0.319328    0.218487    0.168067    0.294118
    0.291667    0.180556    0.231481    0.296296
    0.227273    0.318182    0.170455    0.284091
    0.307292    0.239583    0.177083    0.276042
    0.328125    0.203125    0.171875    0.296875
    0.375000    0.159091    0.193182    0.272727
    0.130841    0.271028    0.299065    0.299065
    0.308642    0.160494    0.197531    0.333333
    0.369231    0.200000    0.153846    0.276923
    0.250000    0.231481    0.250000    0.268519
    0.241379    0.262069    0.227586    0.268966
    0.336134    0.302521    0.151261    0.210084
    0.227642    0.260163    0.154472    0.357724
    0.250000    0.178571    0.270408    0.301020
    0.110429    0.288344    0.282209    0.319018
    0.358650    0.168776    0.272152    0.200422
    0.370079    0.192913    0.165354    0.271654
    0.323944    0.166197    0.267606    0.242254
    0.260997    0.193548    0.293255    0.252199
    0.331010    0.188153    0.254355    0.226481
    0.395683    0.179856    0.107914    0.316547
    0.328947    0.171053    0.263158    0.236842
    0.188482    0.246073    0.256545    0.308901
    0.403974    0.112583    0.201987    0.281457
    0.364162    0.167630    0.202312    0.265896
    0.353211    0.247706    0.192661    0.206422
    0.279167    0.120833    0.308333    0.291667
    0.360324    0.198381    0.206478    0.234818
    0.330986    0.204225    0.147887    0.316901
    0.313433    0.194030    0.261194    0.231343
    0.180723    0.188755    0.257028    0.373494
    0.351515    0.224242    0.151515    0.272727
    0.296482    0.276382    0.125628    0.301508
    0.262136    0.271845    0.213592    0.252427
    0.214689    0.288136    0.175141    0.322034
    0.332016    0.162055    0.213439    0.292490
    0.416149    0.198758    0.111801    0.273292
    0.310924    0.226891    0.210084    0.252101
    0.191617    0.257485    0.191617    0.359281
    0.358333    0.204167    0.166667    0.270833
    0.325581    0.238372    0.127907    0.308140
    0.239496    0.235294    0.247899    0.277311
    0.254054    0.237838    0.172973    0.335135
    0.398148    0.250000    0.101852    0.250000
    0.309677    0.245161    0.180645    0.264516
    0.302158    0.179856    0.316547    0.201439
    0.145349    0.261628    0.244186    0.348837
    0.410072    0.187050    0.151079    0.251799
    0.434783    0.163043    0.184783    0.217391
    0.457831    0.168675    0.180723    0.192771
    0.305882    0.200000    0.258824    0.235294
    0.323077    0.261538    0.200000    0.215385
    0.317460    0.126984    0.285714    0.269841
    0.290323    0.258065    0.193548    0.258065
    0.270833    0.208333    0.375000    0.145833
    0.389474    0.136842    0.221053    0.252632
    0.406250    0.140625    0.203125    0.250000
    0.433333    0.133333    0.166667    0.266667
    0.347222    0.138889    0.166667    0.347222
    0.328125    0.187500    0.156250    0.328125
    0.413793    0.149425    0.195402    0.241379
    0.382979    0.170213    0.212766    0.234043
    0.171429    0.180952    0.180952    0.466667
    0.403846    0.182692    0.192308    0.221154
    0.234375    0.312500    0.171875    0.281250
    0.310345    0.224138    0.241379    0.224138
    0.186667    0.360000    0.200000    0.253333
    0.500000    0.196429    0.107143    0.196429
    0.736842    0.105263    0.052632    0.105263
    0.466667    0.133333    0.066667    0.333333
    0.346154    0.076923    0.192308    0.384615
    0.351351    0.189189    0.216216    0.243243
    0.392857    0.107143    0.142857    0.357143
    0.129032    0.290323    0.225806    0.354839
    0.179487    0.307692    0.179487    0.333333
    0.440000    0.280000    0.120000    0.160000
    0.250000    0.227273    0.090909    0.431818
    0.285714    0.190476    0.190476    0.333333
    0.171429    0.271429    0.171429    0.385714
    0.340659    0.153846    0.230769    0.274725
    0.348837    0.116279    0.255814    0.279070
    0.484848    0.090909    0.151515    0.272727
    0.238806    0.179104    0.358209    0.223881
    0.355556    0.133333    0.111111    0.400000
    0.280000    0.280000    0.280000    0.160000
    0.375000    0.250000    0.125000    0.250000
    0.295455    0.136364    0.386364    0.181818
    0.301887    0.132075    0.301887    0.264151
    0.350000    0.150000    0.350000    0.150000
    0.450000    0.150000    0.200000    0.200000
    0.301587    0.222222    0.269841    0.206349
    0.264151    0.245283    0.245283    0.245283
    0.341463    0.170732    0.243902    0.243902
    0.307692    0.205128    0.179487    0.307692
    0.275362    0.188406    0.260870    0.275362
    0.391304    0.217391    0.101449    0.289855
    0.316667    0.183333    0.200000    0.300000
    0.351351    0.216216    0.108108    0.324324
    0.232558    0.418605    0.046512    0.302326
    0.511111    0.133333    0.155556    0.200000
    0.500000    0.204545    0.090909    0.204545
    0.518519    0.074074    0.074074    0.333333
    0.227273    0.196970    0.212121    0.363636
    0.395062    0.222222    0.160494    0.222222
    0.315789    0.144737    0.210526    0.328947
    0.291667    0.194444    0.152778    0.361111
    0.306818    0.204545    0.204545    0.284091
    0.333333    0.177778    0.266667    0.222222
    0.306818    0.181818    0.193182    0.318182
    0.300000    0.140000    0.320000    0.240000
    0.138298    0.202128    0.191489    0.468085
    0.381625    0.166078    0.159011    0.293286
    0.379310    0.206897    0.129310    0.284483
    0.416667    0.172222    0.188889    0.222222
    0.295302    0.228188    0.187919    0.288591
    0.316456    0.202532    0.196203    0.284810
    0.486842    0.078947    0.157895    0.276316
    0.345238    0.190476    0.238095    0.226190
    0.231579    0.168421    0.210526    0.389474
    0.348837    0.162791    0.191860    0.296512
    0.413462    0.211538    0.144231    0.230769
    0.395349    0.209302    0.155039    0.240310
    0.260870    0.182609    0.269565    0.286957
    0.367742    0.167742    0.167742    0.296774
    0.286822    0.162791    0.224806    0.325581
    0.384106    0.178808    0.205298    0.231788
    0.179245    0.216981    0.188679    0.415094
    0.320225    0.258427    0.191011    0.230337
    0.253165    0.265823    0.177215    0.303797
    0.315315    0.297297    0.171171    0.216216
    0.237037    0.214815    0.155556    0.392593
    0.369565    0.195652    0.217391    0.217391
    0.448276    0.206897    0.103448    0.241379
    0.220339    0.322034    0.271186    0.186441
    0.233333    0.133333    0.116667    0.516667
    0.327869    0.114754    0.180328    0.377049
    0.307692    0.250000    0.153846    0.288462
    0.424242    0.212121    0.166667    0.196970
    0.265625    0.203125    0.125000    0.406250
    0.271605    0.234568    0.271605    0.222222
    0.250000    0.250000    0.053571    0.446429
    0.349057    0.207547    0.122642    0.320755
    0.182540    0.269841    0.230159    0.317460
    0.429167    0.170833    0.195833    0.204167
    0.405405    0.162162    0.162162    0.270270
    0.327731    0.210084    0.260504    0.201681
    0.264901    0.192053    0.231788    0.311258
    0.357143    0.135714    0.250000    0.257143
    0.338710    0.145161    0.274194    0.241935
    0.360000    0.200000    0.213333    0.226667
    0.357143    0.185714    0.185714    0.271429
    0.344000    0.152000    0.200000    0.304000
    0.341772    0.253165    0.151899    0.253165
    0.408451    0.183099    0.169014    0.239437
    0.254545    0.200000    0.190909    0.354545
    0.321168    0.175182    0.262774    0.240876
    0.318841    0.202899    0.202899    0.275362
    0.285714    0.194805    0.259740    0.259740
    0.171429    0.250000    0.285714    0.292857
    0.391608    0.223776    0.118881    0.265734
    0.395833    0.229167    0.125000    0.250000
    0.333333    0.211382    0.186992    0.268293
    0.307087    0.157480    0.165354    0.370079
    0.444444    0.138889    0.129630    0.287037
    0.382353    0.220588    0.102941    0.294118
    0.430769    0.200000    0.107692    0.261538
    0.127451    0.137255    0.303922    0.431373
    0.328767    0.226027    0.198630    0.246575
    0.272727    0.171717    0.242424    0.313131
    0.321678    0.244755    0.153846    0.279720
    0.238938    0.256637    0.168142    0.336283
    0.272727    0.242424    0.212121    0.272727
    0.308271    0.263158    0.127820    0.300752
    0.295302    0.201342    0.221477    0.281879
    0.190476    0.297619    0.202381    0.309524
    0.337143    0.217143    0.205714    0.240000
    0.326241    0.191489    0.219858    0.262411
    0.292453    0.245283    0.254717    0.207547
    0.347518    0.198582    0.170213    0.283688
    0.338164    0.207729    0.217391    0.236715
    0.413333    0.186667    0.140000    0.260000
    0.379630    0.185185    0.194444    0.240741
    0.254438    0.189349    0.242604    0.313609
    0.320755    0.238994    0.213836    0.226415
    0.343750    0.226562    0.265625    0.164062
    0.304348    0.163043    0.184783    0.347826
    0.260870    0.173913    0.268116    0.297101
    0.299320    0.197279    0.163265    0.340136
    0.325000    0.221429    0.146429    0.307143
    0.325926    0.170370    0.222222    0.281481
    0.219828    0.185345    0.250000    0.344828
    0.323770    0.209016    0.209016    0.258197
    0.250000    0.304688    0.156250    0.289062
    0.253623    0.246377    0.275362    0.224638
    0.134615    0.379808    0.177885    0.307692
    0.353333    0.173333    0.180000    0.293333
    0.342857    0.157143    0.200000    0.300000
    0.309859    0.211268    0.239437    0.239437
    0.105263    0.219298    0.236842    0.438596
    0.385246    0.139344    0.106557    0.368852
    0.355263    0.236842    0.131579    0.276316
    0.268293    0.243902    0.146341    0.341463
    0.260504    0.210084    0.201681    0.327731
    0.345133    0.185841    0.194690    0.274336
    0.233577    0.262774    0.138686    0.364964
    0.268456    0.140940    0.281879    0.308725
    0.135593    0.326271    0.241525    0.296610
    0.350000    0.189474    0.250000    0.210526
    0.313253    0.224900    0.248996    0.212851
    0.304878    0.186992    0.223577    0.284553
    0.209440    0.218289    0.271386    0.300885
    0.370242    0.148789    0.166090    0.314879
    0.321212    0.175758    0.169697    0.333333
    0.295302    0.187919    0.248322    0.268456
    0.227799    0.166023    0.316602    0.289575
    0.379501    0.166205    0.216066    0.238227
    0.320000    0.220000    0.196000    0.264000
    0.297778    0.213333    0.195556    0.293333
    0.265957    0.138298    0.329787    0.265957
    0.286667    0.240000    0.206667    0.266667
    0.403433    0.154506    0.188841    0.253219
    0.249169    0.229236    0.292359    0.229236
    0.182045    0.199501    0.286783    0.331671
    0.337662    0.233766    0.155844    0.272727
    0.287500    0.187500    0.137500    0.387500
    0.285714    0.261905    0.261905    0.190476
    0.120000    0.306667    0.080000    0.493333
    0.405229    0.098039    0.196078    0.300654
    0.421687    0.240964    0.096386    0.240964
    0.197183    0.169014    0.253521    0.380282
    0.182609    0.191304    0.217391    0.408696
    0.439024    0.146341    0.195122    0.219512
    0.333333    0.178571    0.190476    0.297619
    0.297030    0.257426    0.217822    0.227723
    0.202020    0.232323    0.111111    0.454545
    0.291139    0.278481    0.126582    0.303797
    0.302632    0.315789    0.105263    0.276316
    0.292683    0.158537    0.256098    0.292683
    0.166667    0.246914    0.179012    0.407407
    0.338039    0.187925    0.212838    0.261199
    0.350737    0.183055    0.187431    0.278777
    0.334766    0.202034    0.223555    0.239645
    0.262127    0.236307    0.194347    0.307218
    0.375337    0.194667    0.205240    0.224756
    0.391013    0.182972    0.151241    0.274774
    0.373282    0.170282    0.213149    0.243287
    0.220432    0.180664    0.206694    0.392209
    0.428721    0.148261    0.167207    0.255811
    0.349638    0.212710    0.185727    0.251925
    0.344662    0.196986    0.186432    0.271921
    0.231803    0.197179    0.222108    0.348909
    0.393925    0.179261    0.124020    0.302794
    0.333038    0.182880    0.138849    0.345233
    0.353910    0.171925    0.240571    0.233595
    0.156211    0.271630    0.183747    0.388413
    0.306826    0.247320    0.200914    0.244940
    0.313629    0.237814    0.138221    0.310336
    0.323334    0.203665    0.201494    0.271507
    0.242101    0.274138    0.163261    0.320501
    0.372398    0.180745    0.181663    0.265194
    0.379573    0.209281    0.171310    0.239836
    0.330536    0.179815    0.158112    0.331537
    0.188486    0.220471    0.228107    0.362936
    0.346060    0.174219    0.176654    0.303067
    0.314518    0.248938    0.133489    0.303054
    0.238235    0.253876    0.188480    0.319408
    0.260880    0.248360    0.175130    0.315630
    0.310021    0.252605    0.175487    0.261888
    0.282915    0.226588    0.154534    0.335963
    0.259360    0.210276    0.225462    0.304902
    0.155302    0.241179    0.247679    0.355840
    0.376966    0.171645    0.233902    0.217488
    0.352079    0.199030    0.195003    0.253888
    0.348684    0.175344    0.247125    0.228847
    0.236091    0.212099    0.276420    0.275390
    0.349554    0.169143    0.244554    0.236749
    0.327917    0.195796    0.177866    0.298422
    0.300968    0.156987    0.247126    0.294918
    0.189861    0.214140    0.268171    0.327828
    0.396719    0.125587    0.187793    0.289901
    0.341754    0.200332    0.195586    0.262327
    0.363465    0.208057    0.162437    0.266040
    0.282808    0.161067    0.232198    0.323927
    0.363959    0.205734    0.194269    0.236039
    0.337511    0.191289    0.181637    0.289562
    0.307887    0.193983    0.251441    0.246689
    0.217658    0.204842    0.240669    0.336831
    0.377806    0.196036    0.129731    0.296427
    0.314159    0.243488    0.135138    0.307215
    0.310552    0.284039    0.149114    0.256295
    0.220645    0.259424    0.156024    0.363907
    0.365155    0.168209    0.181395    0.285241
    0.383075    0.173666    0.148050    0.295209
    0.336386    0.167470    0.216661    0.279482
    0.207676    0.230784    0.186652    0.374888
    0.374896    0.170859    0.167705    0.286539
    0.324031    0.207782    0.156409    0.311778
    0.321758    0.236694    0.179788    0.261761
    0.214298    0.188199    0.195794    0.401708
    0.336019    0.181855    0.153728    0.328398
    0.313945    0.207202    0.150078    0.328776
    0.331138    0.179992    0.261204    0.227666
    0.164483    0.251209    0.211799    0.372509
    0.369654    0.173382    0.187882    0.269081
    0.393115    0.187454    0.180489    0.238942
    0.413628    0.161339    0.191779    0.233254
    0.277028    0.187339    0.223604    0.312029
    0.358353    0.176369    0.209771    0.255506
    0.371810    0.165503    0.212833    0.249855
    0.343923    0.212390    0.160727    0.282960
    0.213185    0.177846    0.307905    0.301063
    0.395712    0.151803    0.201413    0.251072
    0.408691    0.196905    0.144101    0.250303
    0.378668    0.153196    0.159918    0.308217
    0.292813    0.148148    0.220194    0.338845
    0.300864    0.223020    0.167982    0.308134
    0.395318    0.173618    0.169896    0.261168
    0.348786    0.194102    0.198233    0.258879
    0.231859    0.192420    0.177584    0.398138
    0.381441    0.198993    0.207489    0.212078
    0.259322    0.254782    0.159072    0.326824
    0.343376    0.265648    0.167661    0.223315
    0.167640    0.286174    0.188103    0.358083
    0.371029    0.166393    0.180965    0.281613
    0.472550    0.192663    0.112493    0.222293
    0.341898    0.134722    0.177315    0.346065
    0.226919    0.175588    0.216801    0.380692
    0.379090    0.187055    0.152205    0.281650
    0.323177    0.176938    0.108911    0.390974
    0.211311    0.282504    0.160781    0.345404
    0.199848    0.242865    0.200036    0.357250
    0.352947    0.240290    0.143478    0.263285
    0.231685    0.239389    0.146263    0.382663
    0.326058    0.170996    0.233706    0.269240
    0.157331    0.270516    0.213260    0.358892
    0.301684    0.182595    0.255585    0.260136
    0.357575    0.198514    0.206751    0.237160
    0.390374    0.132534    0.240261    0.236831
    0.247978    0.183073    0.325605    0.243344
    0.324401    0.166013    0.226988    0.282598
    0.360365    0.228837    0.206701    0.204096
    0.294697    0.240909    0.231566    0.232828
    0.271114    0.149625    0.301849    0.277412
    0.321378    0.147153    0.241226    0.290242
    0.417836    0.179386    0.246784    0.155994
    0.383102    0.205583    0.210690    0.200626
    0.285205    0.141360    0.309624    0.263811
    0.269201    0.215179    0.253382    0.262237
    0.353748    0.177179    0.208285    0.260788
    0.320047    0.204356    0.273511    0.202085
    0.233943    0.199829    0.267356    0.298871
    0.404813    0.191055    0.118680    0.285453
    0.297227    0.232750    0.138526    0.331497
    0.344532    0.197339    0.159098    0.299031
    0.247733    0.312365    0.102591    0.337311
    0.434388    0.143152    0.170586    0.251873
    0.410374    0.182408    0.138045    0.269173
    0.448202    0.154447    0.161693    0.235658
    0.193701    0.180421    0.229407    0.396470
    0.370841    0.176190    0.172016    0.280952
    0.375562    0.165832    0.144152    0.314454
    0.352021    0.175879    0.123156    0.348944
    0.250271    0.192831    0.186174    0.370724
    0.338729    0.200944    0.192259    0.268069
    0.323884    0.192298    0.170560    0.313258
    0.309163    0.179665    0.266941    0.244231
    0.166763    0.219613    0.217173    0.396451
    0.363904    0.171886    0.178957    0.285253
    0.370238    0.193892    0.161173    0.274697
    0.425110    0.158470    0.204220    0.212200
    0.289497    0.216181    0.196966    0.297357
    0.353401    0.176892    0.197510    0.272197
    0.427538    0.181565    0.168881    0.222016
    0.400219    0.154631    0.216898    0.228253
    0.223263    0.213946    0.191489    0.371302
    0.386502    0.153180    0.200728    0.259591
    0.413324    0.202157    0.158863    0.225656
    0.392771    0.186137    0.171822    0.249270
    0.267552    0.193831    0.218802    0.319815
    0.394389    0.162538    0.149365    0.293708
    0.331052    0.180730    0.175620    0.312598
    0.404988    0.173677    0.202724    0.218611
    0.195069    0.201122    0.194114    0.409695
    0.331517    0.219780    0.195499    0.253204
    0.322211    0.234143    0.141178    0.302467
    0.294822    0.276687    0.184258    0.244233
    0.209737    0.239998    0.172180    0.378085
    0.353387    0.186656    0.208026    0.251932
    0.437124    0.179415    0.108557    0.274904
    0.253718    0.267716    0.241492    0.237075
    0.189164    0.195604    0.176801    0.438431
    0.349356    0.128135    0.182693    0.339815
    0.300970    0.238219    0.131601    0.329210
    0.358270    0.208965    0.160038    0.272727
    0.249110    0.198023    0.163020    0.389847
    0.333613    0.202859    0.210332    0.253197
    0.307499    0.228891    0.114130    0.349481
    0.270330    0.241543    0.193901    0.294226
    0.171108    0.299339    0.201296    0.328258
    0.377652    0.188456    0.227618    0.206274
    0.353930    0.213635    0.197163    0.235272
    0.343978    0.206514    0.238386    0.211121
    0.247030    0.191002    0.248268    0.313700
    0.342539    0.170755    0.245846    0.240861
    0.417839    0.142358    0.183338    0.256465
    0.311087    0.195931    0.233072    0.259910
    0.270291    0.217075    0.214018    0.298616
    0.408063    0.142906    0.207727    0.241304
    0.390822    0.240799    0.164671    0.203708
    0.353044    0.202479    0.183647    0.260830
    0.241947    0.195370    0.223204    0.339478
    0.307761    0.209111    0.244838    0.238291
    0.319009    0.201208    0.206916    0.272867
    0.296812    0.196724    0.261252    0.245212
    0.176163    0.221613    0.261881    0.340343
    0.385815    0.200276    0.141473    0.272435
    0.338321    0.230224    0.138161    0.293295
    0.337487    0.198540    0.160627    0.303345
    0.259779    0.186946    0.174888    0.378387
    0.393862    0.163732    0.154101    0.288304
    0.393661    0.230839    0.116873    0.258627
    0.392551    0.195032    0.155048    0.257369
    0.170880    0.194814    0.237855    0.396451
    0.345892    0.179629    0.184450    0.290028
    0.288878    0.260881    0.172895    0.277346
    0.302979    0.215592    0.168954    0.312474
    0.229239    0.228334    0.158537    0.383890
    0.293726    0.193081    0.189077    0.324117
    0.323059    0.247740    0.141002    0.288199
    0.320562    0.188489    0.204216    0.286733
    0.181644    0.263177    0.224088    0.331091
    0.371693    0.181282    0.184891    0.262134
    0.307500    0.183645    0.215347    0.293509
    0.325812    0.168452    0.238141    0.267595
    0.311287    0.184833    0.217821    0.286060
    0.371970    0.178917    0.182940    0.266173
    0.435755    0.148535    0.159819    0.255891
    0.310584    0.157288    0.238238    0.293889
    0.201524    0.192796    0.252319    0.353361
    0.365184    0.182425    0.185338    0.267053
    0.331407    0.217896    0.196729    0.253968
    0.346931    0.179473    0.165886    0.307709
    0.268214    0.189845    0.214793    0.327148
    0.300083    0.183469    0.171968    0.344480
    0.335506    0.187433    0.157311    0.319750
    0.312321    0.211384    0.203778    0.272517
    0.219864    0.191203    0.223011    0.365923
    0.334419    0.228181    0.183679    0.253720
    0.287507    0.284532    0.136369    0.291592
    0.310785    0.246667    0.192593    0.249955
    0.168558    0.324980    0.179357    0.327106
    0.355088    0.167823    0.161817    0.315272
    0.384740    0.148214    0.196970    0.270076
    0.310901    0.241160    0.207686    0.240253
    0.130378    0.258680    0.224056    0.386886
    0.382821    0.148172    0.142799    0.326208
    0.327833    0.256614    0.121832    0.293720
    0.320614    0.221086    0.118673    0.339628
    0.230727    0.254315    0.167961    0.346997
    0.354422    0.193660    0.176719    0.275199
    0.275898    0.266290    0.122387    0.335425
    0.259650    0.198189    0.282534    0.259627
    0.129131    0.309276    0.231296    0.330297
    0.339791    0.196730    0.248600    0.214879
    0.334036    0.213039    0.213499    0.239425
    0.320043    0.213981    0.222037    0.243940
    0.267897    0.187149    0.267530    0.277424
    0.391814    0.134966    0.215948    0.257273
    0.357996    0.154590    0.200170    0.287244
    0.240674    0.184880    0.251408    0.323037
    0.209490    0.191027    0.302124    0.297360
    0.394586    0.144409    0.203550    0.257455
    0.342314    0.200004    0.168005    0.289677
    0.282526    0.225682    0.204324    0.287467
    0.266950    0.140926    0.272577    0.319548
    0.263382    0.236897    0.244349    0.255372
    0.343872    0.227436    0.176416    0.252276
    0.287056    0.209018    0.250180    0.253745
    0.232679    0.210339    0.239178    0.317804
    0.353988    0.230815    0.134294    0.280903
    0.294093    0.278966    0.118390    0.308551
    0.320579    0.253300    0.193156    0.232965
    0.169698    0.318177    0.118045    0.394080
    0.420919    0.137389    0.152865    0.288827
    0.392335    0.204348    0.116682    0.286634
    0.318847    0.145324    0.221642    0.314187
    0.199883    0.169549    0.214571    0.415997
    0.408340    0.173929    0.184073    0.233657
    0.304067    0.215278    0.179067    0.301587
    0.318566    0.229286    0.184013    0.268134
    0.215622    0.216435    0.130488    0.437455
    0.299008    0.232660    0.180009    0.288323
    0.328390    0.247459    0.118421    0.305730
    0.325422    0.150300    0.234500    0.289778
    0.197960    0.243970    0.224284    0.333786
    0.287184    0.182331    0.220977    0.309507
    0.321566    0.194367    0.189893    0.294175
    0.338566    0.200392    0.200081    0.260960
    0.268521    0.206537    0.202829    0.322112
    0.402665    0.180424    0.180036    0.236875
    0.384456    0.180395    0.185861    0.249289
    0.374913    0.165849    0.209088    0.250150
    0.208420    0.189673    0.196184    0.405723
    0.433183    0.144125    0.167160    0.255531
    0.343685    0.199448    0.181620    0.275247
    0.326466    0.206996    0.179314    0.287223
    0.265317    0.188531    0.198279    0.347873
    0.346212    0.191565    0.143154    0.319069
    0.323876    0.185056    0.143183    0.347885
    0.343312    0.165195    0.244810    0.246683
    0.180701    0.239371    0.183065    0.396863
    0.328655    0.221630    0.191611    0.258104
    0.295042    0.258008    0.120958    0.325992
    0.343906    0.236211    0.174459    0.245423
    0.241850    0.262000    0.170899    0.325251
    0.376700    0.176418    0.193242    0.253640
    0.401150    0.205065    0.161637    0.232147
    0.285348    0.197207    0.164141    0.353304
    0.190743    0.234104    0.204871    0.370282
    0.359228    0.189857    0.167601    0.283314
    0.291441    0.271160    0.137763    0.299635
    0.259925    0.249775    0.150809    0.339491
    0.262053    0.229030    0.160493    0.348423
    0.297267    0.206138    0.174712    0.321883
    0.323314    0.201882    0.159891    0.314913
    0.253721    0.208396    0.240589    0.297293
    0.186002    0.230859    0.222527    0.360611
    0.375890    0.170607    0.233546    0.219957
    0.337915    0.215185    0.211724    0.235176
    0.366893    0.200897    0.226971    0.205239
    0.237762    0.218191    0.247633    0.296414
    0.348379    0.170753    0.231893    0.248975
    0.311812    0.199001    0.219087    0.270100
    0.276904    0.163033    0.249497    0.310566
    0.199863    0.190939    0.263889    0.345309
    0.389144    0.125559    0.176714    0.308582
    0.370773    0.213561    0.172864    0.242801
    0.361113    0.198138    0.149499    0.291250
    0.272477    0.179184    0.204846    0.343494
    0.332393    0.212523    0.169713    0.285370
    0.339427    0.184439    0.193566    0.282568
    0.293356    0.200735    0.249032    0.256877
    0.235316    0.189025    0.232892    0.342768
    0.377371    0.174734    0.132672    0.315222
    0.301752    0.240249    0.142645    0.315354
    0.348555    0.263761    0.142137    0.245547
    0.215161    0.247079    0.151976    0.385784
    0.368305    0.162971    0.162281    0.306444
    0.374152    0.181160    0.155031    0.289657
    0.341836    0.170628    0.198148    0.289388
    0.222752    0.197587    0.182428    0.397233
    0.370717    0.177570    0.172897    0.278816
    0.322849    0.215895    0.164621    0.296635
    0.333592    0.230485    0.152710    0.283212
    0.222329    0.177353    0.197739    0.402579
    0.296172    0.166515    0.164554    0.372760
    0.295719    0.190481    0.143196    0.370604
    0.326675    0.180646    0.223425    0.269254
    0.177145    0.245481    0.197996    0.379378
    0.363622    0.173790    0.194107    0.268482
    0.393266    0.191828    0.179344    0.235563
    0.369895    0.170441    0.196864    0.262799
    0.268298    0.187084    0.217790    0.326829
    0.361036    0.153207    0.220367    0.265389
    0.411051    0.160212    0.188582    0.240155
    0.352412    0.173152    0.154691    0.319745
    0.206877    0.172015    0.271964    0.349144
    0.386369    0.144342    0.193994    0.275295
    0.376255    0.212361    0.149563    0.261820
    0.361883    0.176127    0.125639    0.336350
    0.234815    0.167469    0.230255    0.367461
    0.296384    0.230450    0.171842    0.301323
    0.358910    0.213488    0.163984    0.263619
    0.307961    0.204591    0.191737    0.295711
    0.251936    0.192591    0.186764    0.368708
    0.359480    0.207540    0.215917    0.217063
    0.285140    0.233052    0.162712    0.319096
    0.339927    0.290936    0.120535    0.248602
    0.169812    0.222992    0.187724    0.419472
    0.319627    0.163222    0.207556    0.309595
    0.352722    0.195312    0.189289    0.262677
    0.284382    0.181781    0.187772    0.346065
    0.152075    0.235533    0.224770    0.387622
    0.387576    0.181963    0.113949    0.316511
    0.275557    0.259279    0.089070    0.376093
    0.269996    0.253526    0.102461    0.374017
    0.208119    0.229907    0.215476    0.346498
    0.309567    0.226769    0.145732    0.317933
    0.264457    0.257265    0.157159    0.321120
    0.299002    0.179473    0.272487    0.249038
    0.166855    0.269695    0.231979    0.331470
    0.271989    0.179531    0.277194    0.271286
    0.331243    0.254992    0.184972    0.228793
    0.360337    0.154862    0.251159    0.233641
    0.246390    0.182473    0.310221    0.260916
    0.348739    0.169188    0.253443    0.228630
    0.389839    0.199831    0.160151    0.250178
    0.256117    0.206958    0.301010    0.235915
    0.254024    0.154558    0.269961    0.321457
    0.342815    0.154772    0.215715    0.286699
    0.436305    0.169927    0.188676    0.205093
    0.381250    0.220398    0.199578    0.198774
    0.292083    0.104323    0.304862    0.298731
    0.268453    0.169132    0.262891    0.299524
    0.361139    0.199814    0.198954    0.240093
    0.318674    0.207408    0.285111    0.188807
    0.215646    0.236765    0.261765    0.285824
    0.414017    0.170393    0.132161    0.283429
    0.293944    0.270124    0.132465    0.303467
    0.338526    0.190082    0.183247    0.288146
    0.220361    0.234777    0.146084    0.398778
    0.393648    0.138391    0.163707    0.304254
    0.355729    0.160674    0.148726    0.334871
    0.390514    0.160058    0.167305    0.282123
    0.169953    0.176230    0.217802    0.436014
    0.383093    0.160197    0.166498    0.290212
    0.364150    0.185547    0.116048    0.334254
    0.355574    0.204088    0.131661    0.308677
    0.210145    0.215044    0.174490    0.400321
    0.330792    0.197240    0.148344    0.323624
    0.331644    0.230397    0.143383    0.294576
    0.338575    0.180057    0.238705    0.242663
    0.186648    0.235286    0.226153    0.351913
    0.360187    0.180593    0.193735    0.265485
    0.356571    0.191262    0.179429    0.272739
    0.418453    0.165801    0.194977    0.220770
    0.280699    0.215748    0.208555    0.294997
    0.355759    0.178009    0.203187    0.263045
    0.450076    0.191552    0.159154    0.199218
    0.409071    0.138147    0.227276    0.225505
    0.199710    0.226771    0.209436    0.364083
    0.409757    0.158994    0.177472    0.253777
    0.405328    0.198311    0.152891    0.243470
    0.402014    0.177267    0.174630    0.246089
    0.248557    0.220340    0.200145    0.330959
    0.384189    0.184720    0.137260    0.293831
    0.342901    0.198835    0.157702    0.300562
    0.411995    0.165356    0.214633    0.208015
    0.186867    0.188933    0.184486    0.439715
    0.338811    0.196503    0.199080    0.265606
    0.331573    0.228869    0.148079    0.291479
    0.279994    0.265551    0.194330    0.260124
    0.205083    0.291470    0.158790    0.344657
    0.347315    0.186753    0.187364    0.278567
    0.410775    0.187373    0.130484    0.271368
    0.265017    0.239467    0.230192    0.265323
    0.160769    0.212888    0.193468    0.432875
    0.344233    0.147176    0.211125    0.297466
    0.265073    0.251182    0.117356    0.366389
    0.338549    0.222914    0.136228    0.302309
    0.250000    0.248201    0.157938    0.343861
    0.334653    0.205255    0.182068    0.278024
    0.350091    0.182594    0.144421    0.322893
    0.255673    0.251456    0.240592    0.252280
    0.147298    0.304299    0.191706    0.356697
    0.371277    0.184510    0.243233    0.200980
    0.320756    0.234091    0.221540    0.223613
    0.364528    0.192534    0.210549    0.232389
    0.223124    0.185696    0.256233    0.334947
    0.334602    0.195565    0.237392    0.232441
    0.456835    0.157262    0.146792    0.239111
    0.278519    0.189373    0.232999    0.299109
    0.241521    0.224614    0.228502    0.305362
    0.418396    0.147794    0.199394    0.234416
    0.423016    0.220338    0.155134    0.201511
    0.344167    0.232356    0.169733    0.253745
    0.242284    0.169444    0.229938    0.358333
    0.291181    0.234050    0.216771    0.257999
    0.309115    0.221929    0.191492    0.277465
    0.300339    0.200925    0.261091    0.237644
    0.195943    0.220331    0.238438    0.345288
    0.374740    0.195048    0.142308    0.287904
    0.302028    0.234994    0.142871    0.320107
    0.309043    0.226746    0.151630    0.312581
    0.234340    0.213940    0.186436    0.365284
    0.367143    0.184103    0.160891    0.287863
    0.346531    0.253695    0.150833    0.248941
    0.352136    0.183921    0.174706    0.289237
    0.201412    0.215729    0.209564    0.373295
    0.369154    0.167089    0.171381    0.292377
    0.309080    0.281831    0.145585    0.263504
    0.285259    0.201909    0.182487    0.330345
    0.224862    0.232394    0.149085    0.393660
    0.301082    0.179710    0.181954    0.337254
    0.331413    0.249346    0.128896    0.290345
    0.309560    0.192413    0.212358    0.285669
    0.182530    0.238362    0.231020    0.348088
    0.370836    0.167142    0.194386    0.267636
    0.322490    0.177896    0.215293    0.284321
    0.356532    0.167277    0.186203    0.289988
    0.298623    0.174194    0.235686    0.291497
    0.356263    0.164401    0.195053    0.284283
    0.407069    0.137828    0.201031    0.254072
    0.330240    0.136496    0.243599    0.289666
    0.191980    0.194195    0.254784    0.359040
    0.395382    0.142949    0.173161    0.288508
    0.338036    0.202981    0.178894    0.280088
    0.305482    0.258459    0.170959    0.265100
    0.253721    0.181150    0.215276    0.349854
    0.302874    0.161998    0.171159    0.363968
    0.331995    0.191191    0.173491    0.303323
    0.306772    0.199267    0.243106    0.250855
    0.215175    0.184291    0.208264    0.392270
    0.362461    0.218816    0.172121    0.246602
    0.312436    0.268439    0.121323    0.297802
    0.338223    0.242666    0.168514    0.250597
    0.172467    0.300816    0.180224    0.346493
    0.360453    0.171616    0.159142    0.308789
    0.397037    0.154905    0.185155    0.262903
    0.309467    0.244812    0.201948    0.243774
    0.139579    0.264835    0.224363    0.371223
    0.363781    0.166828    0.174988    0.294403
    0.318256    0.245694    0.125592    0.310459
    0.335945    0.225499    0.136559    0.301997
    0.180929    0.295398    0.151660    0.372013
    0.332109    0.216927    0.164454    0.286510
    0.283439    0.269608    0.136765    0.310189
    0.272729    0.218808    0.246849    0.261614
    0.128051    0.319391    0.212062    0.340495
    0.348279    0.180660    0.233420    0.237640
    0.359700    0.192273    0.187411    0.260616
    0.321776    0.224002    0.212110    0.242112
    0.286754    0.162005    0.283800    0.267441
    0.404454    0.121650    0.242217    0.231678
    0.393782    0.143623    0.194625    0.267970
    0.245527    0.192663    0.257836    0.303974
    0.200740    0.208037    0.294781    0.296442
    0.380366    0.162691    0.185914    0.271029
    0.354695    0.186195    0.171124    0.287986
    0.277794    0.229198    0.203816    0.289192
    0.250484    0.169136    0.247573    0.332806
    0.249192    0.235637    0.269949    0.245223
    0.309394    0.245631    0.186196    0.258778
    0.281778    0.214088    0.260135    0.244000
    0.223849    0.214209    0.250991    0.310951
    0.378689    0.206369    0.121561    0.293381
    0.291013    0.303422    0.110238    0.295326
    0.319280    0.247817    0.151309    0.281595
    0.181624    0.308082    0.138280    0.372014
    0.411349    0.158691    0.133389    0.296571
    0.393123    0.195757    0.118309    0.292811
    0.370935    0.132090    0.203226    0.293749
    0.187732    0.172447    0.211338    0.428483
    0.408842    0.186823    0.160148    0.244187
    0.294519    0.231275    0.157242    0.316964
    0.341622    0.197468    0.170092    0.290818
    0.236466    0.202486    0.158707    0.402342
    0.309986    0.218537    0.194914    0.276564
    0.332500    0.207813    0.134514    0.325173
    0.331396    0.163111    0.218579    0.286914
    0.208061    0.250892    0.233637    0.307411
    0.281319    0.189464    0.227484    0.301733
    0.326637    0.192876    0.195499    0.284988
    0.309287    0.193583    0.207814    0.289316
    0.253070    0.205646    0.203133    0.338151
    0.377005    0.174475    0.201851    0.246669
    0.390841    0.177437    0.176409    0.255313
    0.352236    0.164313    0.199296    0.284156
    0.205293    0.213002    0.206525    0.375179
    0.413277    0.156367    0.174592    0.255764
    0.343327    0.190770    0.176073    0.289830
    0.323841    0.193416    0.202636    0.280107
    0.240918    0.187950    0.207470    0.363661
    0.353248    0.182939    0.150552    0.313260
    0.314430    0.211647    0.145512    0.328410
    0.314145    0.186029    0.262866    0.236960
    0.191740    0.229703    0.217300    0.361257
    0.305219    0.232367    0.183581    0.278833
    0.280863    0.302860    0.126644    0.289633
    0.335289    0.248760    0.168329    0.247623
    0.247207    0.256506    0.179471    0.316816
    0.354022    0.195453    0.191971    0.258553
    0.373047    0.231295    0.173425    0.222233
    0.255421    0.174339    0.192609    0.377631
    0.190102    0.239232    0.226025    0.344640
    0.361763    0.185018    0.165988    0.287231
    0.266667    0.273413    0.148504    0.311416
    0.277572    0.232863    0.126054    0.363511
    0.223994    0.217333    0.174449    0.384224
    0.278150    0.241450    0.168938    0.311462
    0.310613    0.198700    0.174242    0.316445
    0.241318    0.193340    0.284879    0.280463
    0.177537    0.247691    0.208077    0.366695
    0.348917    0.171540    0.235735    0.243808
    0.326214    0.238231    0.208523    0.227031
    0.348800    0.205492    0.222543    0.223165
    0.249253    0.218492    0.226898    0.305356
    0.354006    0.160899    0.230895    0.254200
    0.349306    0.197926    0.201582    0.251186
    0.282077    0.190475    0.227371    0.300077
    0.218087    0.174444    0.253070    0.354399
    0.370124    0.134593    0.178181    0.317102
    0.374905    0.221698    0.170830    0.232567
    0.350918    0.209882    0.148080    0.291121
    0.256134    0.180281    0.207676    0.355910
    0.316114    0.233126    0.176243    0.274518
    0.357766    0.182497    0.188449    0.271287
    0.312684    0.216173    0.260117    0.211025
    0.218400    0.191623    0.227309    0.362668
