    0.470624    0.035006    0.021175    0.473195
    0.331579    0.137495    0.226724    0.304202
    0.275112    0.193635    0.298042    0.233211
    0.296165    0.204121    0.232558    0.267156
    0.304529    0.204325    0.215300    0.275847
    0.306936    0.202122    0.200326    0.290616
    0.307140    0.198939    0.195961    0.297960
    0.302570    0.201510    0.196981    0.298939
    0.299266    0.204121    0.198898    0.297715
    0.293880    0.207915    0.202203    0.296002
    0.289555    0.211220    0.203958    0.295267
    0.284904    0.215137    0.209262    0.290698
    0.284782    0.217421    0.208854    0.288943
    0.289310    0.212689    0.207915    0.290086
    0.301142    0.206242    0.202407    0.290208
    0.309221    0.201999    0.197103    0.291677
    0.311424    0.201387    0.192044    0.295145
    0.304692    0.201061    0.193798    0.300449
    0.297715    0.202570    0.197593    0.302122
    0.291595    0.205018    0.201958    0.301428
    0.286863    0.210322    0.208323    0.294492
    0.289514    0.213464    0.209098    0.287923
    0.288821    0.217911    0.211914    0.281355
    0.291718    0.217503    0.207099    0.283680
    0.295022    0.211914    0.205712    0.287352
    0.303550    0.203958    0.202897    0.289596
    0.310812    0.199470    0.198858    0.290861
    0.310322    0.200816    0.200938    0.287923
    0.308731    0.203060    0.200775    0.287434
    0.307099    0.204447    0.202407    0.286047
    0.305304    0.204978    0.202652    0.287067
    0.301183    0.205345    0.206242    0.287230
    0.294043    0.208201    0.210771    0.286985
    0.294288    0.205549    0.212811    0.287352
    0.297511    0.204937    0.209139    0.288413
    0.300326    0.202489    0.204896    0.292289
    0.301224    0.200612    0.199796    0.298368
    0.302570    0.198082    0.201102    0.298246
    0.304447    0.196695    0.200041    0.298817
    0.302162    0.201183    0.204366    0.292289
    0.296246    0.206691    0.204978    0.292085
    0.290942    0.210118    0.211098    0.287842
    0.290453    0.210730    0.211954    0.286863
    0.292248    0.209710    0.210608    0.287434
    0.291758    0.208568    0.206691    0.292982
    0.294778    0.206977    0.199429    0.298817
    0.299551    0.204529    0.195594    0.300326
    0.307140    0.200694    0.194043    0.298123
    0.309180    0.199470    0.196165    0.295186
    0.307752    0.197593    0.199388    0.295267
    0.306161    0.201632    0.198817    0.293390
    0.299388    0.201469    0.202040    0.297103
    0.292942    0.203835    0.206079    0.297144
    0.286577    0.206650    0.210404    0.296369
    0.284823    0.209506    0.213056    0.292615
    0.287026    0.212403    0.210486    0.290086
    0.292493    0.207262    0.207630    0.292615
    0.299347    0.203998    0.201958    0.294696
    0.305794    0.198858    0.200122    0.295226
    0.309833    0.194818    0.199918    0.295430
    0.311669    0.192493    0.204774    0.291065
    0.308609    0.192493    0.207303    0.291595
    0.302815    0.196573    0.208527    0.292085
    0.296858    0.197511    0.204896    0.300734
    0.293513    0.202040    0.204162    0.300286
    0.292452    0.205386    0.204488    0.297674
    0.289841    0.210241    0.205222    0.294696
    0.288250    0.208731    0.206202    0.296818
    0.285883    0.207915    0.206120    0.300082
    0.287311    0.208038    0.207018    0.297634
    0.292574    0.208078    0.208160    0.291187
    0.295104    0.209751    0.208078    0.287067
    0.294696    0.210404    0.209751    0.285149
    0.290045    0.209955    0.209955    0.290045
    0.285149    0.209751    0.210404    0.294696
    0.287067    0.208078    0.209751    0.295104
    0.291187    0.208160    0.208078    0.292574
    0.297634    0.207018    0.208038    0.287311
    0.300082    0.206120    0.207915    0.285883
    0.296818    0.206202    0.208731    0.288250
    0.294696    0.205222    0.210241    0.289841
    0.297674    0.204488    0.205386    0.292452
    0.300286    0.204162    0.202040    0.293513
    0.300734    0.204896    0.197511    0.296858
    0.292085    0.208527    0.196573    0.302815
    0.291595    0.207303    0.192493    0.308609
    0.291065    0.204774    0.192493    0.311669
    0.295430    0.199918    0.194818    0.309833
    0.295226    0.200122    0.198858    0.305794
    0.294696    0.201958    0.203998    0.299347
    0.292615    0.207630    0.207262    0.292493
    0.290086    0.210486    0.212403    0.287026
    0.292615    0.213056    0.209506    0.284823
    0.296369    0.210404    0.206650    0.286577
    0.297144    0.206079    0.203835    0.292942
    0.297103    0.202040    0.201469    0.299388
    0.293390    0.198817    0.201632    0.306161
    0.295267    0.199388    0.197593    0.307752
    0.295186    0.196165    0.199470    0.309180
    0.298123    0.194043    0.200694    0.307140
    0.300326    0.195594    0.204529    0.299551
    0.298817    0.199429    0.206977    0.294778
    0.292982    0.206691    0.208568    0.291758
    0.287434    0.210608    0.209710    0.292248
    0.286863    0.211954    0.210730    0.290453
    0.287842    0.211098    0.210118    0.290942
    0.292085    0.204978    0.206691    0.296246
    0.292289    0.204366    0.201183    0.302162
    0.298817    0.200041    0.196695    0.304447
    0.298246    0.201102    0.198082    0.302570
    0.298368    0.199796    0.200612    0.301224
    0.292289    0.204896    0.202489    0.300326
    0.288413    0.209139    0.204937    0.297511
    0.287352    0.212811    0.205549    0.294288
    0.286985    0.210771    0.208201    0.294043
    0.287230    0.206242    0.205345    0.301183
    0.287067    0.202652    0.204978    0.305304
    0.286047    0.202407    0.204447    0.307099
    0.287434    0.200775    0.203060    0.308731
    0.287923    0.200938    0.200816    0.310322
    0.290861    0.198858    0.199470    0.310812
    0.289596    0.202897    0.203958    0.303550
    0.287352    0.205712    0.211914    0.295022
    0.283680    0.207099    0.217503    0.291718
    0.281355    0.211914    0.217911    0.288821
    0.287923    0.209098    0.213464    0.289514
    0.294492    0.208323    0.210322    0.286863
    0.301428    0.201958    0.205018    0.291595
    0.302122    0.197593    0.202570    0.297715
    0.300449    0.193798    0.201061    0.304692
    0.295145    0.192044    0.201387    0.311424
    0.291677    0.197103    0.201999    0.309221
    0.290208    0.202407    0.206242    0.301142
    0.290086    0.207915    0.212689    0.289310
    0.288943    0.208854    0.217421    0.284782
    0.290698    0.209262    0.215137    0.284904
    0.295267    0.203958    0.211220    0.289555
    0.296002    0.202203    0.207915    0.293880
    0.297715    0.198898    0.204121    0.299266
    0.298939    0.196981    0.201510    0.302570
    0.297960    0.195961    0.198939    0.307140
    0.290616    0.200326    0.202122    0.306936
    0.275847    0.215300    0.204325    0.304529
    0.267156    0.232558    0.204121    0.296165
    0.233211    0.298042    0.193635    0.275112
    0.304202    0.226724    0.137495    0.331579
    0.473195    0.021175    0.035006    0.470624
