    0.231990    0.171131    0.379194    0.217685
    0.265734    0.185315    0.251748    0.297203
    0.289017    0.184971    0.277457    0.248555
    0.235644    0.187532    0.456803    0.120021
    0.280967    0.195690    0.279368    0.243976
    0.323417    0.187831    0.211974    0.276777
    0.299656    0.185446    0.254577    0.260321
    0.219632    0.214457    0.355170    0.210741
    0.318766    0.207182    0.217171    0.256881
    0.346753    0.197259    0.186622    0.269366
    0.303959    0.191983    0.239829    0.264230
    0.212737    0.225794    0.285216    0.276253
    0.344645    0.195766    0.209395    0.250193
    0.349659    0.203521    0.179604    0.267216
    0.314494    0.196403    0.226459    0.262644
    0.217675    0.221179    0.239925    0.321221
    0.360027    0.186011    0.193916    0.260045
    0.335090    0.212588    0.170560    0.281762
    0.323225    0.195928    0.212636    0.268212
    0.215185    0.216882    0.219894    0.348040
    0.364078    0.178189    0.195191    0.262542
    0.339678    0.207931    0.168588    0.283804
    0.325972    0.196160    0.204611    0.273257
    0.211191    0.216453    0.209793    0.362564
    0.361386    0.183378    0.190152    0.265084
    0.330928    0.208299    0.169807    0.290966
    0.321923    0.206268    0.202662    0.269146
    0.210070    0.212448    0.218480    0.359001
    0.344801    0.183125    0.194834    0.277240
    0.328838    0.212825    0.170074    0.288263
    0.328980    0.212400    0.202080    0.256540
    0.213549    0.213831    0.220418    0.352202
    0.336458    0.185004    0.195506    0.283032
    0.316603    0.221642    0.171297    0.290458
    0.329484    0.213514    0.204197    0.252804
    0.211663    0.217710    0.228758    0.341869
    0.329278    0.183687    0.201599    0.285436
    0.320344    0.224485    0.165576    0.289596
    0.323373    0.216050    0.205651    0.254925
    0.205443    0.225724    0.232313    0.336520
    0.328673    0.189809    0.203844    0.277673
    0.315447    0.225620    0.171476    0.287456
    0.308915    0.215846    0.215681    0.259558
    0.203611    0.231867    0.237201    0.327321
    0.322782    0.192879    0.202786    0.281554
    0.319590    0.227373    0.171919    0.281118
    0.304386    0.220637    0.214908    0.260069
    0.207746    0.231721    0.237778    0.322755
    0.333290    0.188926    0.196398    0.281386
    0.322118    0.218721    0.179604    0.279557
    0.304989    0.212474    0.220209    0.262329
    0.209961    0.231709    0.231733    0.326597
    0.346728    0.180098    0.191708    0.281466
    0.334939    0.215114    0.173490    0.276457
    0.317237    0.209028    0.208804    0.264932
    0.219244    0.224022    0.229591    0.327143
    0.361221    0.175748    0.191246    0.271786
    0.339988    0.209845    0.171133    0.279034
    0.323971    0.206961    0.200403    0.268665
    0.223128    0.220376    0.218845    0.337651
    0.356303    0.179445    0.189801    0.274451
    0.339184    0.213732    0.164505    0.282579
    0.331225    0.205825    0.194927    0.268023
    0.231142    0.213088    0.211606    0.344163
    0.348481    0.180745    0.190709    0.280066
    0.346152    0.209289    0.158291    0.286269
    0.316850    0.209010    0.208241    0.265899
    0.222264    0.211770    0.211861    0.354106
    0.337341    0.185555    0.192612    0.284492
    0.338187    0.211312    0.149623    0.300878
    0.311423    0.202640    0.220223    0.265714
    0.221621    0.214100    0.219868    0.344411
    0.329493    0.189165    0.195883    0.285459
    0.331761    0.211928    0.149277    0.307034
    0.305660    0.205293    0.223157    0.265890
    0.217989    0.216079    0.229436    0.336495
    0.326582    0.196275    0.203057    0.274086
    0.318600    0.212502    0.161273    0.307624
    0.299335    0.208873    0.227111    0.264681
    0.218477    0.223417    0.232645    0.325461
    0.322824    0.197847    0.208077    0.271251
    0.328003    0.212732    0.165811    0.293454
    0.301728    0.221902    0.220067    0.256303
    0.220831    0.222937    0.233797    0.322434
    0.326862    0.201222    0.211983    0.259932
    0.329815    0.213029    0.172090    0.285065
    0.293822    0.229621    0.220044    0.256513
    0.216225    0.229619    0.235948    0.318208
    0.322112    0.203266    0.207937    0.266685
    0.328991    0.217996    0.162230    0.290782
    0.304429    0.225120    0.210590    0.259861
    0.221926    0.225982    0.238373    0.313720
    0.336628    0.195724    0.204023    0.263626
    0.329465    0.219781    0.162725    0.288029
    0.306910    0.210598    0.212365    0.270127
    0.217148    0.223744    0.235470    0.323638
    0.340385    0.186539    0.200687    0.272389
    0.335610    0.214046    0.164901    0.285443
    0.325256    0.195236    0.203152    0.276357
    0.226652    0.220623    0.233202    0.319523
    0.350611    0.179958    0.196117    0.273314
    0.345342    0.207931    0.166685    0.280042
    0.326402    0.197305    0.200650    0.275643
    0.233999    0.215285    0.223311    0.327405
    0.345245    0.176716    0.203328    0.274710
    0.340394    0.205458    0.167770    0.286378
    0.328799    0.206415    0.200777    0.264009
    0.239760    0.219763    0.221068    0.319409
    0.340685    0.177271    0.206072    0.275971
    0.343106    0.213981    0.162683    0.280230
    0.323784    0.212189    0.203590    0.260436
    0.239611    0.216884    0.219666    0.323839
    0.337718    0.178882    0.206642    0.276758
    0.343836    0.219597    0.162698    0.273869
    0.326480    0.207487    0.203553    0.262480
    0.234529    0.219204    0.224974    0.321293
    0.334525    0.185282    0.201659    0.278533
    0.338517    0.214841    0.168279    0.278363
    0.325665    0.210614    0.198951    0.264770
    0.235629    0.215101    0.230841    0.318428
    0.334462    0.186633    0.203180    0.275725
    0.334533    0.207671    0.170387    0.287409
    0.323912    0.209790    0.205746    0.260553
    0.225711    0.220657    0.235365    0.318267
    0.326362    0.186485    0.211634    0.275519
    0.324328    0.209276    0.170694    0.295702
    0.319741    0.219925    0.203621    0.256713
    0.219790    0.221951    0.243563    0.314697
    0.326927    0.183280    0.210745    0.279048
    0.336552    0.211332    0.165959    0.286157
    0.311900    0.214426    0.216035    0.257639
    0.217159    0.217754    0.246454    0.318633
    0.328980    0.182994    0.210024    0.278001
    0.338515    0.213966    0.162965    0.284554
    0.312801    0.219532    0.206196    0.261470
    0.224495    0.210138    0.243423    0.321944
    0.332054    0.182354    0.207758    0.277833
    0.342912    0.215237    0.160038    0.281813
    0.316494    0.210088    0.206980    0.266438
    0.225648    0.208530    0.232315    0.333508
    0.332603    0.185714    0.201428    0.280256
    0.342332    0.212566    0.156969    0.288134
    0.322028    0.200897    0.199620    0.277454
    0.225870    0.207205    0.228005    0.338920
    0.340408    0.182055    0.198094    0.279443
    0.339763    0.207909    0.162892    0.289437
    0.315283    0.200507    0.211569    0.272641
    0.230734    0.205944    0.222895    0.340427
    0.349568    0.179395    0.191367    0.279670
    0.346007    0.204974    0.159251    0.289768
    0.305834    0.202222    0.218865    0.273079
    0.229989    0.205053    0.223266    0.341691
    0.350856    0.181441    0.196114    0.271590
    0.342495    0.208044    0.163816    0.285645
    0.298783    0.210317    0.232927    0.257973
    0.228211    0.210615    0.220521    0.340654
    0.338536    0.192750    0.199047    0.269668
    0.345110    0.214579    0.152559    0.287752
    0.301738    0.211305    0.230290    0.256668
    0.214485    0.212497    0.230171    0.342847
    0.326228    0.199022    0.207768    0.266981
    0.341451    0.211843    0.159229    0.287478
    0.305211    0.215639    0.230816    0.248335
    0.208758    0.216142    0.238029    0.337071
    0.325666    0.193150    0.213333    0.267851
    0.336462    0.219479    0.158636    0.285424
    0.309023    0.217445    0.218275    0.255257
    0.207615    0.217121    0.244908    0.330355
    0.327739    0.188476    0.207131    0.276654
    0.333550    0.215775    0.165729    0.284945
    0.307955    0.216008    0.219309    0.256729
    0.214434    0.222232    0.240654    0.322680
    0.331053    0.183842    0.201978    0.283127
    0.328196    0.217965    0.160077    0.293762
    0.306361    0.215242    0.215356    0.263040
    0.214591    0.222090    0.239064    0.324255
    0.338179    0.185144    0.191958    0.284719
    0.331194    0.211929    0.154243    0.302634
    0.309841    0.213971    0.210029    0.266160
    0.215194    0.220435    0.231344    0.333027
    0.344350    0.180128    0.194930    0.280592
    0.336899    0.215857    0.145675    0.301568
    0.315262    0.210416    0.206666    0.267657
    0.219214    0.216797    0.223439    0.340551
    0.356148    0.175488    0.195307    0.273057
    0.344945    0.211780    0.149484    0.293790
    0.318109    0.207701    0.198318    0.275871
    0.225438    0.213786    0.220166    0.340610
    0.353687    0.174432    0.198457    0.273424
    0.346917    0.214622    0.150093    0.288368
    0.319550    0.205440    0.201526    0.273485
    0.231003    0.211304    0.221283    0.336410
    0.351782    0.176183    0.194494    0.277541
    0.350221    0.214109    0.153161    0.282509
    0.313200    0.201037    0.206650    0.279113
    0.229141    0.206728    0.230710    0.333421
    0.341341    0.184301    0.191555    0.282803
    0.354853    0.213340    0.150716    0.281091
    0.312493    0.201969    0.216053    0.269485
    0.232505    0.211604    0.226948    0.328944
    0.326026    0.190465    0.195003    0.288507
    0.352155    0.205331    0.156101    0.286414
    0.304680    0.200276    0.218741    0.276303
    0.231785    0.211007    0.229664    0.327543
    0.314925    0.195857    0.199959    0.289258
    0.348619    0.203087    0.158638    0.289656
    0.296407    0.207080    0.218207    0.278306
    0.230868    0.210128    0.236028    0.322977
    0.306717    0.201607    0.203947    0.287728
    0.336900    0.209000    0.161104    0.292996
    0.294400    0.208068    0.220446    0.277087
    0.226864    0.209002    0.243393    0.320741
    0.311804    0.199737    0.204311    0.284149
    0.336733    0.214141    0.159308    0.289818
    0.290224    0.208031    0.224369    0.277375
    0.218658    0.216845    0.251030    0.313467
    0.319356    0.203417    0.199204    0.278023
    0.332030    0.218881    0.157733    0.291356
    0.296119    0.209588    0.223527    0.270767
    0.216640    0.218460    0.249787    0.315113
    0.327487    0.193216    0.199773    0.279524
    0.345818    0.216668    0.149587    0.287926
    0.293930    0.207687    0.219544    0.278839
    0.217733    0.214030    0.249074    0.319163
    0.338987    0.187566    0.194759    0.278688
    0.353549    0.217380    0.146555    0.282515
    0.298379    0.206462    0.221367    0.273792
    0.221703    0.209327    0.234854    0.334116
    0.346847    0.172758    0.201056    0.279339
    0.356931    0.218931    0.146631    0.277507
    0.305728    0.202993    0.216821    0.274458
    0.228456    0.208710    0.225079    0.337755
    0.351507    0.169979    0.199075    0.279439
    0.355882    0.210944    0.148679    0.284495
    0.317244    0.194881    0.218143    0.269732
    0.230842    0.209457    0.222969    0.336732
    0.349282    0.168370    0.203848    0.278501
    0.353496    0.209372    0.150202    0.286930
    0.323266    0.194264    0.219403    0.263067
    0.236824    0.205356    0.231815    0.326005
    0.337646    0.173480    0.207126    0.281747
    0.351314    0.206193    0.153733    0.288759
    0.330529    0.190965    0.215684    0.262822
    0.233295    0.204886    0.237379    0.324440
    0.327141    0.178295    0.204683    0.289882
    0.344864    0.211603    0.161016    0.282517
    0.325317    0.197001    0.208532    0.269150
    0.232735    0.205765    0.244048    0.317452
    0.313444    0.179980    0.202574    0.304002
    0.345948    0.207804    0.156798    0.289450
    0.323823    0.198440    0.201489    0.276248
    0.227059    0.208005    0.242159    0.322777
    0.310031    0.187159    0.200095    0.302715
    0.347239    0.201608    0.157045    0.294109
    0.309020    0.206901    0.208362    0.275716
    0.231232    0.213730    0.236727    0.318310
    0.313188    0.185932    0.210749    0.290130
    0.337534    0.206747    0.153164    0.302555
    0.307158    0.212805    0.209851    0.270187
    0.232006    0.218380    0.229434    0.320180
    0.312491    0.191574    0.215654    0.280281
    0.327640    0.213431    0.157115    0.301814
    0.300674    0.220671    0.206312    0.272342
    0.234117    0.219027    0.227660    0.319196
    0.310732    0.191262    0.221320    0.276686
    0.330413    0.216613    0.152342    0.300632
    0.305723    0.214750    0.202579    0.276948
    0.223828    0.216296    0.232304    0.327572
    0.304455    0.194665    0.217456    0.283423
    0.333969    0.215042    0.153048    0.297941
    0.298573    0.211751    0.208917    0.280759
    0.225176    0.213209    0.230530    0.331085
    0.300563    0.199251    0.214408    0.285779
    0.340958    0.210203    0.153463    0.295376
    0.301287    0.211240    0.211997    0.275476
    0.227842    0.212776    0.233677    0.325705
    0.306582    0.196979    0.208317    0.288122
    0.344985    0.207777    0.157989    0.289249
    0.305580    0.215052    0.216383    0.262985
    0.233108    0.214267    0.237316    0.315309
    0.310841    0.198356    0.204941    0.285862
    0.351479    0.209523    0.157959    0.281039
    0.313882    0.214880    0.219271    0.251967
    0.224999    0.218030    0.238860    0.318112
    0.315952    0.194912    0.205925    0.283210
    0.344734    0.216345    0.159036    0.279885
    0.316403    0.213767    0.222558    0.247272
    0.220476    0.219659    0.241317    0.318548
    0.313272    0.190477    0.208646    0.287605
    0.337156    0.221071    0.156436    0.285337
    0.305059    0.211333    0.225615    0.257992
    0.220281    0.220819    0.239245    0.319656
    0.314132    0.186589    0.207083    0.292196
    0.324923    0.225555    0.156771    0.292750
    0.299942    0.211131    0.221545    0.267382
    0.216731    0.220542    0.244442    0.318285
    0.320567    0.180384    0.205964    0.293086
    0.330258    0.220946    0.159051    0.289745
    0.299669    0.211451    0.215489    0.273392
    0.214946    0.223366    0.245180    0.316507
    0.322417    0.182562    0.203716    0.291305
    0.334333    0.219535    0.157971    0.288161
    0.302503    0.213240    0.207730    0.276526
    0.222586    0.221349    0.247827    0.308238
    0.322382    0.186658    0.206573    0.284386
    0.339203    0.215245    0.157910    0.287641
    0.306482    0.213947    0.207675    0.271897
    0.237628    0.216061    0.245292    0.301020
    0.328285    0.190751    0.206323    0.274642
    0.338702    0.211131    0.154111    0.296056
    0.306940    0.209217    0.210103    0.273740
    0.238046    0.216104    0.246779    0.299071
    0.327576    0.192913    0.207218    0.272293
    0.331929    0.209078    0.154980    0.304013
    0.304421    0.209917    0.215805    0.269857
    0.233818    0.215303    0.243837    0.307042
    0.325285    0.191481    0.212977    0.270257
    0.331998    0.201605    0.155318    0.311079
    0.305363    0.211043    0.218097    0.265497
    0.228762    0.217657    0.241085    0.312496
    0.322488    0.188950    0.210431    0.278132
    0.330017    0.205568    0.157056    0.307359
    0.310156    0.214633    0.208775    0.266436
    0.240513    0.212113    0.232045    0.315329
    0.323124    0.185365    0.205615    0.285896
    0.336799    0.209495    0.151229    0.302477
    0.319338    0.211429    0.203674    0.265559
    0.238252    0.214435    0.233003    0.314311
    0.319056    0.188172    0.193519    0.299253
    0.348358    0.209009    0.151877    0.290755
    0.318216    0.209710    0.197321    0.274752
    0.237008    0.215728    0.233695    0.313568
    0.313398    0.191508    0.189183    0.305912
    0.345413    0.204893    0.150323    0.299371
    0.307751    0.209470    0.206810    0.275968
    0.223459    0.227524    0.229283    0.319734
    0.316983    0.190860    0.186212    0.305946
    0.341574    0.206572    0.148916    0.302939
    0.305334    0.207731    0.207175    0.279761
    0.224192    0.223062    0.219355    0.333391
    0.323743    0.184510    0.190603    0.301144
    0.333388    0.212471    0.142722    0.311419
    0.310091    0.203138    0.205873    0.280898
    0.220103    0.219797    0.219111    0.340989
    0.330894    0.180666    0.191920    0.296520
    0.334392    0.214029    0.143058    0.308521
    0.315293    0.201681    0.211699    0.271327
    0.224548    0.207339    0.220910    0.347203
    0.336653    0.182709    0.191370    0.289268
    0.329188    0.218340    0.147961    0.304511
    0.317497    0.200188    0.215182    0.267133
    0.219889    0.204804    0.228380    0.346927
    0.337282    0.187749    0.191779    0.283191
    0.331286    0.218733    0.149247    0.300734
    0.309318    0.206259    0.224520    0.259903
    0.220081    0.201793    0.238497    0.339628
    0.331863    0.192716    0.198872    0.276548
    0.339931    0.227422    0.150234    0.282413
    0.300726    0.210228    0.220820    0.268226
    0.216700    0.207215    0.244760    0.331325
    0.316283    0.200414    0.209108    0.274195
    0.347986    0.222661    0.152884    0.276469
    0.299576    0.211077    0.222095    0.267251
    0.215908    0.211693    0.250987    0.321412
    0.317822    0.198760    0.210424    0.272994
    0.347165    0.226361    0.157009    0.269465
    0.301002    0.210323    0.215952    0.272723
    0.220921    0.219818    0.242410    0.316851
    0.317524    0.199427    0.204793    0.278256
    0.349074    0.221611    0.154505    0.274810
    0.306411    0.209063    0.211256    0.273270
    0.227561    0.214431    0.244258    0.313751
    0.321646    0.192460    0.201549    0.284345
    0.343748    0.216011    0.156115    0.284127
    0.300466    0.207619    0.206122    0.285792
    0.235186    0.211733    0.239604    0.313478
    0.323006    0.189174    0.196423    0.291396
    0.340081    0.214130    0.155130    0.290658
    0.306177    0.205364    0.200817    0.287642
    0.234223    0.204357    0.239640    0.321780
    0.323462    0.184817    0.194395    0.297326
    0.333411    0.215509    0.155750    0.295331
    0.307258    0.197575    0.205814    0.289352
    0.227391    0.202358    0.236992    0.333259
    0.331020    0.183138    0.189275    0.296567
    0.336928    0.216724    0.149807    0.296541
    0.309826    0.199628    0.209263    0.281282
    0.224279    0.203487    0.229121    0.343114
    0.333308    0.185271    0.190820    0.290602
    0.341541    0.203496    0.153293    0.301670
    0.308898    0.199480    0.215960    0.275662
    0.219803    0.199674    0.227118    0.353405
    0.339704    0.179700    0.196082    0.284514
    0.336094    0.199584    0.153540    0.310782
    0.315832    0.199896    0.215720    0.268552
    0.222757    0.200582    0.225233    0.351428
    0.343104    0.180909    0.201602    0.274385
    0.340692    0.200151    0.157447    0.301710
    0.319910    0.202464    0.215821    0.261805
    0.220382    0.202644    0.229652    0.347322
    0.338934    0.177818    0.207816    0.275432
    0.341065    0.210663    0.154197    0.294076
    0.316785    0.205200    0.218451    0.259564
    0.218547    0.209842    0.232883    0.338728
    0.326649    0.183973    0.211237    0.278141
    0.340051    0.217730    0.161349    0.280871
    0.311854    0.213656    0.213517    0.260973
    0.213752    0.217292    0.234425    0.334531
    0.318132    0.189317    0.210164    0.282387
    0.332578    0.219641    0.162504    0.285277
    0.305955    0.217304    0.219022    0.257720
    0.211297    0.221143    0.235931    0.331629
    0.322120    0.189506    0.208866    0.279508
    0.327749    0.220902    0.166026    0.285323
    0.303885    0.218290    0.216656    0.261170
    0.210373    0.223332    0.240624    0.325671
    0.331268    0.188050    0.209007    0.271675
    0.332604    0.217402    0.157167    0.292827
    0.296632    0.217803    0.218747    0.266818
    0.205771    0.224599    0.243492    0.326138
    0.341976    0.176829    0.206428    0.274767
    0.329157    0.223626    0.155703    0.291513
    0.300635    0.210465    0.208342    0.280558
    0.209713    0.215354    0.242691    0.332242
    0.343045    0.179442    0.198504    0.279009
    0.328097    0.229134    0.149506    0.293264
    0.300688    0.209051    0.208902    0.281359
    0.211732    0.208574    0.234377    0.345317
    0.348261    0.176519    0.192344    0.282876
    0.322504    0.227806    0.157533    0.292156
    0.312875    0.209397    0.203393    0.274335
    0.225706    0.197777    0.223049    0.353469
    0.341057    0.183657    0.192154    0.283131
    0.332980    0.220165    0.157435    0.289421
    0.310987    0.206812    0.206345    0.275856
    0.225347    0.201987    0.225239    0.347427
    0.340618    0.182518    0.194680    0.282184
    0.330812    0.210103    0.162210    0.296875
    0.310337    0.202346    0.210525    0.276792
    0.227511    0.208300    0.225445    0.338745
    0.331956    0.190402    0.195575    0.282067
    0.333670    0.204411    0.159068    0.302851
    0.301915    0.205427    0.214523    0.278135
    0.219177    0.219104    0.230135    0.331584
    0.328994    0.190600    0.197606    0.282801
    0.326769    0.210838    0.160122    0.302271
    0.296998    0.217213    0.217817    0.267972
    0.216708    0.220276    0.234126    0.328890
    0.320683    0.192929    0.202727    0.283661
    0.334364    0.209478    0.160241    0.295917
    0.294680    0.227919    0.214609    0.262792
    0.216874    0.223800    0.233957    0.325369
    0.318208    0.188994    0.207268    0.285530
    0.332427    0.213878    0.162406    0.291289
    0.303965    0.219855    0.213988    0.262192
    0.211862    0.223426    0.238088    0.326624
    0.314882    0.184490    0.211562    0.289066
    0.331983    0.199320    0.166296    0.302401
    0.306238    0.217613    0.206342    0.269807
    0.214782    0.224285    0.226641    0.334291
    0.318001    0.183765    0.205180    0.293055
    0.327737    0.202414    0.169289    0.300560
    0.308352    0.206700    0.207374    0.277575
    0.215100    0.218127    0.227692    0.339081
    0.317191    0.186696    0.198232    0.297881
    0.325887    0.198948    0.169698    0.305467
    0.300115    0.207672    0.214560    0.277653
    0.220819    0.215962    0.226623    0.336596
    0.322840    0.184286    0.194355    0.298519
    0.319620    0.201906    0.163435    0.315039
    0.308135    0.203524    0.218197    0.270144
    0.219479    0.213484    0.227378    0.339659
    0.324369    0.182142    0.195692    0.297798
    0.315041    0.203872    0.162944    0.318143
    0.307337    0.209875    0.211670    0.271118
    0.223369    0.210852    0.223215    0.342565
    0.322711    0.182377    0.198462    0.296450
    0.320057    0.198843    0.166857    0.314242
    0.318200    0.204170    0.203897    0.273733
    0.224628    0.210755    0.218744    0.345873
    0.325998    0.192360    0.196257    0.285384
    0.325111    0.204871    0.170841    0.299177
    0.312572    0.200724    0.212661    0.274043
    0.217840    0.213103    0.226704    0.342354
    0.317148    0.196256    0.209071    0.277526
    0.330156    0.206036    0.171959    0.291849
    0.311304    0.196888    0.222358    0.269449
    0.214581    0.220306    0.234328    0.330786
    0.319607    0.194628    0.218289    0.267475
    0.324803    0.213798    0.172024    0.289376
    0.299562    0.205513    0.225727    0.269198
    0.208836    0.215426    0.242779    0.332959
    0.311174    0.194045    0.223377    0.271404
    0.323971    0.215343    0.170726    0.289959
    0.292252    0.219245    0.218496    0.270006
    0.214007    0.221144    0.245605    0.319244
    0.325639    0.190589    0.216322    0.267450
    0.320541    0.216530    0.173156    0.289773
    0.303622    0.220391    0.208627    0.267360
    0.215557    0.212844    0.243631    0.327968
    0.329922    0.185671    0.214206    0.270201
    0.329338    0.218696    0.166405    0.285560
    0.307798    0.216593    0.209677    0.265932
    0.224556    0.217153    0.238225    0.320066
    0.333275    0.181566    0.213920    0.271238
    0.336984    0.220118    0.158608    0.284290
    0.320186    0.200614    0.207058    0.272142
    0.229555    0.210746    0.227710    0.331989
    0.337218    0.174410    0.206449    0.281922
    0.343203    0.218169    0.149957    0.288671
    0.318398    0.197929    0.209309    0.274364
    0.225958    0.207473    0.230107    0.336463
    0.342216    0.170670    0.200196    0.286918
    0.334108    0.215889    0.152883    0.297120
    0.317478    0.193923    0.209724    0.278875
    0.223660    0.202774    0.228299    0.345267
    0.347829    0.170201    0.191925    0.290046
    0.322569    0.206032    0.164680    0.306719
    0.310794    0.199623    0.209644    0.279939
    0.215208    0.199704    0.228827    0.356261
    0.339940    0.179294    0.193383    0.287382
    0.321262    0.200025    0.172920    0.305793
    0.308606    0.201361    0.214480    0.275552
    0.216504    0.209624    0.220014    0.353858
    0.335841    0.186342    0.197433    0.280384
    0.322390    0.205768    0.179064    0.292778
    0.316574    0.207242    0.214020    0.262164
    0.209292    0.211967    0.226971    0.351770
    0.326966    0.189830    0.202625    0.280580
    0.329046    0.214421    0.182330    0.274203
    0.315305    0.210719    0.221568    0.252408
    0.211159    0.218882    0.237076    0.332882
    0.325261    0.188916    0.209526    0.276297
    0.321967    0.221245    0.187799    0.268988
    0.315181    0.208742    0.223314    0.252763
    0.209883    0.220235    0.242077    0.327805
    0.324748    0.188380    0.209250    0.277623
    0.331028    0.215254    0.177040    0.276678
    0.309856    0.212415    0.224979    0.252750
    0.212047    0.223635    0.241408    0.322910
    0.332458    0.182073    0.208879    0.276591
    0.334852    0.210162    0.172990    0.281997
    0.318272    0.204759    0.221484    0.255486
    0.210949    0.221094    0.233824    0.334134
    0.337237    0.174626    0.204034    0.284103
    0.336997    0.203757    0.168796    0.290449
    0.316305    0.206986    0.221007    0.255702
    0.209888    0.225549    0.230212    0.334351
    0.343774    0.169858    0.200300    0.286067
    0.336718    0.200735    0.173022    0.289526
    0.311629    0.204419    0.217640    0.266311
    0.214265    0.222977    0.220009    0.342748
    0.353720    0.169530    0.195190    0.281560
    0.331221    0.199982    0.172350    0.296447
    0.313343    0.204997    0.210193    0.271468
    0.213229    0.216798    0.221263    0.348710
    0.357702    0.176238    0.193727    0.272332
    0.330413    0.201549    0.171577    0.296461
    0.314320    0.200479    0.205698    0.279504
    0.206968    0.208580    0.217573    0.366880
    0.353551    0.183547    0.192446    0.270456
    0.311547    0.209191    0.173902    0.305360
    0.316141    0.197300    0.211529    0.275030
    0.199593    0.212703    0.223580    0.364124
    0.330416    0.198815    0.198097    0.272673
    0.302090    0.228683    0.174113    0.295114
    0.296246    0.208680    0.215161    0.279912
    0.193190    0.226198    0.223191    0.357421
    0.310869    0.222769    0.197758    0.268604
    0.296350    0.244752    0.170346    0.288552
    0.289469    0.223440    0.203860    0.283232
    0.190958    0.239537    0.234214    0.335292
    0.246582    0.295983    0.194895    0.262540
    0.281064    0.306111    0.156075    0.256750
    0.256368    0.277901    0.186976    0.278756
    0.167367    0.308119    0.226627    0.297887
    0.255597    0.232300    0.147348    0.364755
    0.356468    0.225023    0.107281    0.311228
    0.329976    0.209225    0.130411    0.330388
    0.262484    0.237686    0.163686    0.336143
    0.324703    0.030091    0.059482    0.585724
    0.528110    0.014354    0.021531    0.436005
    0.493869    0.021798    0.036104    0.448229
    0.472265    0.025920    0.039399    0.462416
