   0.43483   0.12783   0.16522   0.27212
   0.34452   0.18799   0.15059   0.31690
   0.38622   0.16322   0.17822   0.27234
   0.31507   0.16047   0.16667   0.35779
   0.38571   0.14181   0.16614   0.30634
   0.36036   0.16977   0.14137   0.32850
   0.33142   0.18758   0.17898   0.30201
   0.23614   0.17682   0.17249   0.41455
   0.44113   0.11956   0.16081   0.27850
   0.33758   0.18696   0.15689   0.31857
   0.35967   0.17552   0.16877   0.29604
   0.30430   0.15258   0.17088   0.37224
   0.33098   0.15952   0.14368   0.36582
   0.33903   0.17907   0.12956   0.35234
   0.35866   0.16692   0.18868   0.28574
   0.21583   0.19244   0.15888   0.43286
