   0.49522   0.10717   0.16003   0.23759
   0.36798   0.17018   0.14697   0.31488
   0.40823   0.15197   0.18555   0.25425
   0.32053   0.14960   0.17719   0.35268
   0.43718   0.12565   0.17130   0.26587
   0.38175   0.18031   0.12533   0.31261
   0.35863   0.17233   0.18577   0.28327
   0.24849   0.16619   0.19004   0.39528
   0.47618   0.10712   0.17138   0.24532
   0.35556   0.17519   0.14703   0.32222
   0.40768   0.15807   0.18207   0.25219
   0.30559   0.13803   0.18064   0.37573
   0.37259   0.14176   0.14364   0.34202
   0.35885   0.17242   0.13143   0.33730
   0.38869   0.16016   0.19650   0.25465
   0.23630   0.17284   0.17194   0.41892
   0.40052   0.15018   0.16981   0.27950
   0.34131   0.20638   0.14641   0.30590
   0.35776   0.16498   0.17927   0.29800
   0.31800   0.17593   0.15106   0.35501
   0.39083   0.16327   0.16070   0.28519
   0.32132   0.14462   0.19253   0.34154
   0.30664   0.21110   0.15446   0.32780
   0.21421   0.20604   0.17937   0.40038
   0.40793   0.14076   0.15053   0.30078
   0.31282   0.18351   0.20949   0.29418
   0.32840   0.19463   0.16283   0.31414
   0.29181   0.16311   0.17515   0.36992
   0.32507   0.18616   0.14519   0.34358
   0.32136   0.19319   0.12539   0.36006
   0.34209   0.17283   0.19271   0.29238
   0.19383   0.21411   0.16621   0.42585
   0.44652   0.11787   0.19662   0.23900
   0.37867   0.16477   0.16687   0.28969
   0.39042   0.16344   0.21877   0.22737
   0.30709   0.15203   0.20508   0.33579
   0.38339   0.14141   0.19102   0.28418
   0.38397   0.17647   0.15377   0.28578
   0.30625   0.20625   0.21615   0.27135
   0.22857   0.18446   0.19699   0.38997
   0.45844   0.10990   0.15947   0.27220
   0.37777   0.16629   0.17714   0.27881
   0.36231   0.18175   0.14895   0.30699
   0.31933   0.14448   0.18325   0.35294
   0.35172   0.15783   0.16929   0.32116
   0.36154   0.16014   0.14021   0.33811
   0.36796   0.16601   0.21253   0.25350
   0.23373   0.18515   0.17965   0.40147
   0.39228   0.13118   0.13433   0.34221
   0.35729   0.17925   0.14468   0.31877
   0.37332   0.16432   0.15282   0.30954
   0.37071   0.14723   0.14204   0.34002
   0.37848   0.14930   0.15412   0.31810
   0.36679   0.14057   0.13208   0.36055
   0.33612   0.18543   0.15380   0.32465
   0.22601   0.18953   0.16521   0.41924
   0.41301   0.13450   0.15637   0.29612
   0.34453   0.19277   0.13817   0.32453
   0.35244   0.18382   0.17038   0.29337
   0.32822   0.15750   0.15810   0.35618
   0.30515   0.15739   0.13982   0.39763
   0.33611   0.18104   0.12077   0.36208
   0.35892   0.16601   0.18476   0.29031
   0.21277   0.19480   0.16247   0.42996
   0.42538   0.12476   0.16717   0.28269
   0.36547   0.16452   0.15954   0.31048
   0.42885   0.13825   0.17494   0.25796
   0.32264   0.13794   0.18085   0.35856
   0.34949   0.16110   0.18403   0.30537
   0.38875   0.16792   0.16167   0.28167
   0.33312   0.16844   0.17971   0.31872
   0.27831   0.14343   0.19097   0.38729
   0.45218   0.11799   0.16119   0.26864
   0.35825   0.16212   0.14952   0.33011
   0.35790   0.16119   0.18828   0.29263
   0.31639   0.13075   0.18258   0.37028
   0.33359   0.15559   0.13718   0.37364
   0.36150   0.16555   0.15724   0.31570
   0.35928   0.15746   0.18713   0.29612
   0.26158   0.16722   0.16668   0.40451
   0.40399   0.14296   0.17519   0.27786
   0.30541   0.21392   0.13531   0.34536
   0.36940   0.16998   0.14718   0.31343
   0.26180   0.19175   0.14121   0.40523
   0.35032   0.15332   0.16531   0.33105
   0.33573   0.17774   0.14811   0.33842
   0.28638   0.21779   0.22057   0.27525
   0.22896   0.17830   0.16913   0.42361
   0.42898   0.13125   0.15795   0.28182
   0.29857   0.19666   0.17436   0.33041
   0.34679   0.18716   0.21835   0.24771
   0.28366   0.16676   0.15900   0.39058
   0.34421   0.16951   0.13613   0.35015
   0.30641   0.16295   0.13425   0.39639
   0.35098   0.18416   0.15792   0.30694
   0.20079   0.21251   0.15615   0.43054
   0.42867   0.12664   0.20565   0.23904
   0.36414   0.16000   0.19931   0.27655
   0.36917   0.18487   0.21559   0.23038
   0.31944   0.13002   0.24137   0.30918
   0.35861   0.14831   0.19480   0.29828
   0.34841   0.16032   0.18016   0.31111
   0.31234   0.19884   0.18144   0.30737
   0.27455   0.16262   0.18796   0.37487
   0.43692   0.12151   0.16805   0.27353
   0.31699   0.21048   0.19189   0.28064
   0.27509   0.16450   0.15335   0.40706
   0.34770   0.12931   0.22299   0.30000
   0.32808   0.16935   0.15286   0.34971
   0.37410   0.15772   0.15993   0.30825
   0.33896   0.17699   0.19700   0.28705
   0.26695   0.16737   0.18671   0.37897
   0.38997   0.15289   0.14575   0.31139
   0.31019   0.20858   0.13159   0.34964
   0.37211   0.16765   0.14375   0.31649
   0.27560   0.18292   0.14485   0.39663
   0.38552   0.12073   0.14983   0.34392
   0.35869   0.16237   0.13292   0.34601
   0.37642   0.16686   0.15831   0.29841
   0.24233   0.17472   0.14741   0.43553
   0.44274   0.12193   0.14016   0.29516
   0.33427   0.18415   0.14091   0.34067
   0.35472   0.17508   0.15977   0.31043
   0.26856   0.16853   0.16515   0.39776
   0.31148   0.17597   0.15141   0.36113
   0.31494   0.19345   0.12713   0.36447
   0.34870   0.16644   0.19286   0.29200
   0.20745   0.18460   0.15145   0.45650
   0.47941   0.11554   0.15208   0.25296
   0.36856   0.17135   0.14212   0.31797
   0.43864   0.15631   0.16907   0.23598
   0.31187   0.16400   0.17550   0.34864
   0.39788   0.14239   0.17548   0.28424
   0.37580   0.18118   0.13150   0.31151
   0.37866   0.19292   0.16639   0.26202
   0.25106   0.17852   0.18028   0.39014
   0.44269   0.11500   0.16927   0.27304
   0.36034   0.16704   0.13943   0.33318
   0.40379   0.17346   0.15695   0.26580
   0.28377   0.15706   0.16636   0.39281
   0.36241   0.14361   0.15267   0.34131
   0.36137   0.18242   0.12123   0.33498
   0.43573   0.15085   0.17539   0.23804
   0.23214   0.19200   0.15621   0.41965
   0.40040   0.14154   0.17277   0.28529
   0.30269   0.20753   0.15215   0.33763
   0.35760   0.20560   0.16560   0.27120
   0.28810   0.19121   0.13775   0.38293
   0.39225   0.14391   0.15609   0.30775
   0.31901   0.17422   0.14081   0.36595
   0.30169   0.22458   0.17288   0.30085
   0.18357   0.22671   0.16659   0.42313
   0.40374   0.13389   0.15205   0.31033
   0.27826   0.21897   0.18972   0.31304
   0.31141   0.20998   0.18621   0.29239
   0.27645   0.19852   0.15301   0.37201
   0.34609   0.17783   0.14121   0.33487
   0.31560   0.15643   0.14779   0.38017
   0.34715   0.21524   0.17169   0.26591
   0.18962   0.23676   0.14870   0.42492
   0.44768   0.11998   0.20155   0.23079
   0.37325   0.17508   0.17325   0.27842
   0.41786   0.14024   0.18753   0.25438
   0.31404   0.15690   0.20379   0.32527
   0.38411   0.15081   0.17652   0.28856
   0.35390   0.18736   0.18513   0.27361
   0.33255   0.21777   0.19418   0.25550
   0.25535   0.17163   0.17953   0.39349
   0.50307   0.10365   0.16264   0.23064
   0.33625   0.20032   0.16057   0.30286
   0.34331   0.19278   0.17430   0.28961
   0.35563   0.13644   0.17738   0.33055
   0.40294   0.14479   0.16221   0.29006
   0.37718   0.16764   0.13504   0.32014
   0.36709   0.15957   0.20587   0.26747
   0.24647   0.18251   0.17413   0.39689
   0.40514   0.15380   0.14370   0.29736
   0.33450   0.18832   0.14746   0.32972
   0.35980   0.16982   0.14398   0.32640
   0.31888   0.16103   0.15375   0.36634
   0.35946   0.15319   0.14906   0.33828
   0.34495   0.15474   0.14373   0.35657
   0.32436   0.17805   0.15942   0.33816
   0.23323   0.18248   0.16586   0.41843
   0.40968   0.14112   0.12719   0.32202
   0.30777   0.21072   0.14370   0.33780
   0.35360   0.16695   0.15325   0.32620
   0.29825   0.16746   0.17703   0.35726
   0.32716   0.18108   0.15271   0.33905
   0.32507   0.18868   0.12827   0.35798
   0.35205   0.16006   0.18474   0.30315
   0.22594   0.19421   0.15652   0.42333
   0.40776   0.13688   0.17402   0.28134
   0.35483   0.17370   0.17016   0.30132
   0.35997   0.16071   0.20507   0.27425
   0.36189   0.13326   0.18451   0.32035
   0.36223   0.14369   0.15844   0.33564
   0.36417   0.19828   0.14847   0.28908
   0.32970   0.17647   0.18591   0.30792
   0.29767   0.13961   0.18884   0.37388
   0.43438   0.11754   0.18773   0.26035
   0.35028   0.18006   0.17055   0.29911
   0.35257   0.14706   0.21103   0.28934
   0.34850   0.12723   0.18594   0.33833
   0.28978   0.14702   0.11892   0.44428
   0.37883   0.16931   0.13811   0.31374
   0.33020   0.16972   0.17880   0.32127
   0.27894   0.16155   0.16167   0.39784
   0.40372   0.14389   0.16730   0.28509
   0.28665   0.22447   0.13701   0.35187
   0.33692   0.18571   0.17675   0.30063
   0.23787   0.23438   0.13338   0.39437
   0.38631   0.15445   0.16025   0.29899
   0.34249   0.15997   0.12141   0.37613
   0.29418   0.20247   0.19474   0.30860
   0.18118   0.21727   0.15228   0.44927
   0.41340   0.12447   0.17505   0.28708
   0.27934   0.21963   0.19574   0.30530
   0.32223   0.20090   0.17438   0.30248
   0.26047   0.19650   0.15261   0.39042
   0.32855   0.17435   0.14504   0.35206
   0.29929   0.19565   0.12388   0.38118
   0.32233   0.19160   0.19096   0.29511
   0.15778   0.24682   0.17136   0.42404
   0.44075   0.12001   0.19050   0.24875
   0.35362   0.17763   0.18531   0.28344
   0.37647   0.16663   0.20768   0.24922
   0.32905   0.14554   0.20839   0.31702
   0.37687   0.12992   0.18900   0.30421
   0.37081   0.16288   0.14440   0.32191
   0.29577   0.19351   0.20616   0.30456
   0.24087   0.17952   0.19238   0.38724
   0.45628   0.10538   0.16386   0.27448
   0.35574   0.17584   0.16217   0.30624
   0.35669   0.17129   0.15976   0.31226
   0.31914   0.13828   0.20065   0.34194
   0.32797   0.16054   0.15058   0.36091
   0.34903   0.16613   0.14286   0.34199
   0.32605   0.16187   0.20443   0.30765
   0.23515   0.18335   0.18067   0.40083
   0.39374   0.15194   0.13908   0.31524
   0.30673   0.23524   0.12822   0.32980
   0.36241   0.17666   0.15628   0.30465
   0.27005   0.17460   0.14164   0.41371
   0.38879   0.13425   0.16339   0.31357
   0.35152   0.17677   0.12164   0.35008
   0.34581   0.17235   0.16726   0.31458
   0.21229   0.17300   0.15656   0.45814
   0.43301   0.12085   0.14822   0.29792
   0.33154   0.19932   0.12903   0.34010
   0.35800   0.18420   0.14174   0.31606
   0.26409   0.16437   0.13490   0.43664
   0.31075   0.17483   0.14277   0.37165
   0.32370   0.19088   0.11772   0.36770
   0.35645   0.16340   0.18840   0.29175
   0.16960   0.20304   0.13446   0.49290
