   0.46469   0.11703   0.16229   0.25599
   0.36455   0.16994   0.15382   0.31169
   0.41016   0.15237   0.18365   0.25382
   0.33077   0.14573   0.17904   0.34445
   0.39594   0.13862   0.17033   0.29511
   0.37691   0.18401   0.14083   0.29825
   0.34923   0.17680   0.18176   0.29221
   0.27016   0.15547   0.18828   0.38609
   0.45724   0.11261   0.17304   0.25712
   0.35595   0.17217   0.15203   0.31985
   0.38692   0.16070   0.18372   0.26865
   0.31575   0.13734   0.18050   0.36641
   0.33924   0.14552   0.13639   0.37885
   0.36573   0.17167   0.13762   0.32498
   0.37797   0.16048   0.18660   0.27494
   0.25458   0.17128   0.16528   0.40885
   0.40244   0.14496   0.17014   0.28246
   0.30860   0.21444   0.14146   0.33551
   0.35302   0.18008   0.16993   0.29697
   0.27221   0.20344   0.14023   0.38412
   0.38266   0.15556   0.15998   0.30181
   0.33057   0.15974   0.15201   0.35768
   0.29775   0.21196   0.18365   0.30664
   0.19952   0.20826   0.16483   0.42738
   0.41209   0.13255   0.16036   0.29500
   0.29281   0.20471   0.19414   0.30835
   0.32608   0.19853   0.18112   0.29428
   0.27657   0.18228   0.16028   0.38086
   0.33291   0.17726   0.14318   0.34665
   0.30885   0.18184   0.12981   0.37950
   0.33758   0.18882   0.18185   0.29175
   0.18037   0.22993   0.16364   0.42606
   0.44266   0.11985   0.19667   0.24082
   0.36607   0.17035   0.17920   0.28438
   0.38858   0.16309   0.20930   0.23903
   0.31808   0.14716   0.21080   0.32396
   0.37811   0.14001   0.18805   0.29384
   0.36852   0.17076   0.16010   0.30062
   0.30973   0.20361   0.20217   0.28448
   0.24455   0.17728   0.19081   0.38736
   0.46250   0.10857   0.16259   0.26635
   0.35233   0.18282   0.17180   0.29305
   0.34408   0.17658   0.15871   0.32063
   0.33000   0.13871   0.19449   0.33680
   0.35126   0.15788   0.15903   0.33183
   0.36208   0.16283   0.14389   0.33120
   0.35111   0.16441   0.20679   0.27768
   0.24193   0.18102   0.18013   0.39692
   0.39441   0.14426   0.13895   0.32238
   0.32811   0.20460   0.13726   0.33004
   0.36780   0.16914   0.15075   0.31230
   0.31656   0.16278   0.14435   0.37631
   0.38172   0.13928   0.15661   0.32238
   0.35581   0.16245   0.12838   0.35337
   0.34520   0.17550   0.16092   0.31839
   0.22428   0.17815   0.15777   0.43980
   0.42469   0.12800   0.14643   0.30088
   0.33254   0.19533   0.13623   0.33589
   0.35550   0.17976   0.15494   0.30980
   0.28924   0.16290   0.15297   0.39488
   0.31124   0.16996   0.14451   0.37429
   0.32581   0.18813   0.12133   0.36473
   0.35533   0.16396   0.18784   0.29287
   0.19419   0.19629   0.14682   0.46270
